,C0/13|Customer,C0/19|Customer,C0/22|Customer,C0/56|Customer,C0/39|Customer,C0/16|Customer,C0/88|Customer,C0/99|Customer,C0/15|Customer,C0/84|Customer,C0/43|Customer,C0/101|Customer,C0/36|Customer,C0/38|Customer,C0/105|Customer,C0/103|Customer,C0/104|Customer,C0/94|Customer,C0/98|Customer,C0/89|Customer,C0/10|Customer,C0/21|Customer,C0/79|Customer,C0/12|Customer,C0/601|Customer,C0/34|Customer,C0/35|Customer,C0/7|Customer,C0/93|Customer,C0/118|Customer,C0/97|Customer,C0/119|Customer,C0/140|Customer,C0/139|Customer,C0/141|Customer,C0/50|Customer,C0/135|Customer,C0/120|Customer,C0/145|Customer,C0/24|Customer,C0/87|Customer,C0/138|Customer,C0/92|Customer,C0/142|Customer,C0/137|Customer,C0/1|Customer,C0/136|Customer,C0/143|Customer,C0/133|Customer,C0/134|Customer,C0/144|Customer,C0/131|Customer,C0/49|Customer,C0/96|Customer,C0/129|Customer,C0/95|Customer,C0/29|Customer,C0/148|Customer,C0/146|Customer,C0/147|Customer,C0/149|Customer,C0/152|Customer,C0/154|Customer,C0/600|Customer,C0/200|Customer,C0/130|Customer,C0/78|Customer,C0/32|Customer,C0/160|Customer
C0/13|Customer,0.2,0.36934718,0.23987444,0.2937638,0.33591685,0.26506874,0.22773094,0.38072127,0.34075135,0.27032572,0.33986866,0.2932481,0.29363394,0.2636449,0.25707114,0.29358956,0.26894486,0.36520338,0.2819526,0.366652,0.26791778,0.32192484,0.3587571,0.36138976,0.29150176,0.33143875,0.2506721,0.24852048,0.28104562,0.2650533,0.29769132,0.27321786,0.30874014,0.19386914,0.2724172,0.2881131,0.22798502,0.31626675,0.30552578,0.23356856,0.28659973,0.32150918,0.26595283,0.29553813,0.25520208,0.30439207,0.31692162,0.24096043,0.23948024,0.21741293,0.27635968,0.32098037,0.3645822,0.29284596,0.30811885,0.30966973,0.25146702,0.24693742,0.22454944,0.39444384,0.25290674,0.3073955,0.37426165,0.2616209,0.3025352,0.335097,0.29801372,0.29593366,0.27591035
C0/19|Customer,0.36934718,0.2,0.2781148,0.3168117,0.3981506,0.28975657,0.2552175,0.42603356,0.37436652,0.41967642,0.3742668,0.2873858,0.36569715,0.32451752,0.29766032,0.31916618,0.30883718,0.50482714,0.33065546,0.4004638,0.36201647,0.35538834,0.500579,0.37744978,0.33940542,0.37890902,0.45927262,0.28863016,0.331623,0.2855273,0.33414155,0.33679855,0.35029587,0.28281873,0.3341768,0.40819073,0.26108244,0.35514593,0.34306493,0.26641437,0.31648713,0.37856483,0.30270234,0.32219023,0.293159,0.3985044,0.3636903,0.26321554,0.24633297,0.23774149,0.3154872,0.3920337,0.4102053,0.49030134,0.3410004,0.3931259,0.2945374,0.2860048,0.28228,0.4540156,0.28587547,0.3514824,0.4171404,0.4318526,0.3980588,0.36722258,0.385555,0.3694035,0.32449275
C0/22|Customer,0.23987444,0.2781148,0.2,0.25636828,0.29642797,0.3133344,0.29593492,0.28565696,0.27570075,0.21328716,0.25856867,0.27739924,0.31885475,0.29546243,0.3204294,0.22089523,0.31391957,0.3267182,0.20951739,0.29516065,0.21642959,0.29784617,0.28424174,0.32133427,0.2721714,0.25779614,0.20076877,0.18177365,0.36476916,0.2537106,0.21775453,0.32084364,0.2903806,0.18029761,0.2881693,0.20574403,0.44160756,0.28066367,0.38688797,0.34048507,0.2817137,0.22917655,0.39724386,0.27266085,0.35433155,0.21432471,0.4591801,0.29876247,0.16688116,0.36801443,0.38712496,0.35864675,0.26755685,0.21414776,0.24058813,0.2265829,0.21886699,0.22369863,0.21865547,0.32221133,0.23713215,0.3815883,0.34273168,0.25961456,0.21138008,0.24095365,0.26722258,0.21147868,0.20545024
C0/56|Customer,0.2937638,0.3168117,0.25636828,0.2,0.3214715,0.2697033,0.2692312,0.32171744,0.28462443,0.23191129,0.2803764,0.2352295,0.3485429,0.26552448,0.2634597,0.30211174,0.28362703,0.31875685,0.3741577,0.3069641,0.22130066,0.2677767,0.30068088,0.30030888,0.24274477,0.27990362,0.21016473,0.20978294,0.23659861,0.22043677,0.2512946,0.22976205,0.2583884,0.15918468,0.2270672,0.24160449,0.18892506,0.26705188,0.25680253,0.19686814,0.24162312,0.2694762,0.22330481,0.24860647,0.21473756,0.25427932,0.26684815,0.20014846,0.19949654,0.18183683,0.2321476,0.27011144,0.3080402,0.24718438,0.25884536,0.26142743,0.21198699,0.20777829,0.18890695,0.33278492,0.21154156,0.25905126,0.31603834,0.21218966,0.2522031,0.28153563,0.25132325,0.24818243,0.23085247
C0/39|Customer,0.33591685,0.3981506,0.29642797,0.3214715,0.2,0.44923475,0.21673398,0.3912065,0.38941142,0.2934601,0.46785623,0.25216687,0.46818534,0.32118157,0.25831574,0.2687802,0.26253527,0.36848274,0.2872679,0.4242982,0.25955042,0.4522101,0.4029088,0.40859598,0.2884659,0.34004417,0.2524506,0.2546786,0.28603294,0.26141724,0.3050839,0.2773036,0.30950642,0.18487361,0.27024394,0.29030874,0.22274625,0.32435828,0.30969685,0.23844923,0.2927633,0.32354707,0.26885542,0.30018714,0.25940743,0.3036949,0.32269162,0.23687924,0.23720883,0.21758579,0.27969974,0.32634777,0.37450114,0.30005628,0.31190258,0.31742558,0.2568229,0.2509909,0.22813159,0.4036742,0.25316635,0.31368467,0.38388717,0.24136841,0.30021986,0.33929372,0.3046619,0.2982504,0.276409
C0/16|Customer,0.26506874,0.28975657,0.3133344,0.2697033,0.44923475,0.2,0.2035004,0.30863374,0.40171078,0.22904186,0.37456244,0.21640514,0.3082303,0.19777517,0.25130594,0.21303932,0.20802319,0.33078563,0.22689857,0.36638016,0.23469958,0.4830198,0.32286206,0.5517777,0.22877516,0.26832688,0.19971956,0.20099728,0.22595708,0.20742184,0.24077637,0.21914445,0.24501492,0.14740193,0.21424927,0.22965334,0.17697616,0.25596225,0.24478737,0.18828706,0.23115617,0.2559925,0.21258572,0.23720345,0.20495906,0.24057533,0.25490034,0.18803948,0.18809943,0.17228828,0.22112478,0.25784037,0.29546762,0.23681523,0.24657713,0.25050944,0.2027845,0.19831084,0.18026076,0.3186464,0.20045511,0.24770997,0.3029331,0.19339119,0.23800312,0.26822242,0.24052486,0.23592885,0.21883458
C0/88|Customer,0.22773094,0.2552175,0.29593492,0.2692312,0.21673398,0.2035004,0.2,0.301267,0.22546284,0.19393542,0.22037336,0.26459172,0.18672559,0.21393031,0.39291924,0.23931901,0.3280309,0.26703736,0.27208325,0.3111042,0.17407992,0.24660346,0.24101833,0.23712361,0.25049368,0.2232253,0.16686437,0.16725722,0.22000478,0.2659349,0.20035645,0.23057048,0.25845787,0.15622458,0.20063245,0.19185056,0.31535456,0.26267686,0.26721248,0.28429392,0.19777496,0.21391736,0.24812673,0.35957518,0.2774472,0.20143762,0.40556884,0.23673096,0.15776537,0.27348986,0.25326613,0.32259834,0.24573565,0.19706964,0.27626786,0.20844567,0.30143365,0.19316058,0.3146314,0.3359469,0.31415206,0.391818,0.34272733,0.20354034,0.26818696,0.22381878,0.20026095,0.22718984,0.1905079
C0/99|Customer,0.38072127,0.42603356,0.28565696,0.32171744,0.3912065,0.30863374,0.301267,0.2,0.3964907,0.3111245,0.39574158,0.2800725,0.33294216,0.29740095,0.3710086,0.34264016,0.30674687,0.41196632,0.3279192,0.4265723,0.31194004,0.37467337,0.39927515,0.42062822,0.3392437,0.3854127,0.2916146,0.28899893,0.32687232,0.30848598,0.34617817,0.31778777,0.35920337,0.22579965,0.31701648,0.33516693,0.2653976,0.36777306,0.3553762,0.27163494,0.33330446,0.37402773,0.30936506,0.34374323,0.2968231,0.35418183,0.36859447,0.28046507,0.27869648,0.25295827,0.32146236,0.37332729,0.42394188,0.34054524,0.35840324,0.36010593,0.29244778,0.28721094,0.26117432,0.45870394,0.29425356,0.35749742,0.43521157,0.30491805,0.35206282,0.38978204,0.3465724,0.3442632,0.32101235
C0/15|Customer,0.34075135,0.37436652,0.27570075,0.28462443,0.38941142,0.40171078,0.22546284,0.3964907,0.2,0.28270406,0.3503347,0.2845287,0.31915295,0.26414314,0.25753462,0.27780798,0.27099213,0.4418607,0.29259068,0.5553518,0.37237105,0.50269693,0.40737996,0.50413764,0.29887724,0.34494498,0.25887844,0.2585227,0.29151744,0.27138776,0.30967936,0.28307417,0.3182427,0.19581163,0.27959174,0.29760948,0.23253705,0.32910377,0.3163786,0.24258389,0.29773617,0.33193126,0.27509075,0.30629706,0.26457363,0.3131439,0.32879218,0.27153572,0.24563405,0.22394882,0.28599268,0.33280066,0.3796314,0.30461258,0.31888434,0.3221681,0.26121616,0.25599885,0.23274522,0.41008818,0.26053447,0.3192034,0.38947394,0.26255563,0.31666937,0.3468397,0.30969518,0.30571392,0.2843234
C0/84|Customer,0.27032572,0.41967642,0.21328716,0.23191129,0.2934601,0.22904186,0.19393542,0.3111245,0.28270406,0.2,0.29418227,0.19422728,0.24153833,0.23311086,0.2260663,0.22594479,0.21202198,0.3611654,0.22941121,0.3096741,0.29063717,0.26358643,0.3502039,0.2889291,0.4489617,0.27063778,0.5051416,0.32179514,0.25758332,0.274344,0.24946053,0.2391874,0.25692168,0.19121598,0.2405781,0.482105,0.2230825,0.281118,0.24794328,0.19023836,0.23350284,0.28277797,0.21553147,0.24008867,0.20739843,0.24504277,0.25778037,0.2501356,0.19208409,0.17529628,0.22409748,0.26088727,0.31403682,0.56554854,0.27228644,0.38766393,0.20485769,0.2730373,0.1929973,0.32167223,0.2219694,0.2503146,0.30556753,0.33196568,0.32627535,0.2717869,0.28118905,0.31642628,0.25951296
C0/43|Customer,0.33986866,0.3742668,0.25856867,0.2803764,0.46785623,0.37456244,0.22037336,0.39574158,0.3503347,0.29418227,0.2,0.23798257,0.32528824,0.33849674,0.25053233,0.3127735,0.2726611,0.35938,0.29087833,0.37317508,0.26436025,0.33846122,0.3840185,0.36158204,0.29307547,0.3440459,0.25596341,0.25770944,0.2896637,0.2656986,0.30871278,0.28091162,0.3139794,0.1886564,0.2744836,0.29433066,0.22664593,0.3281892,0.31377235,0.24139097,0.29635498,0.3280776,0.27247798,0.3040663,0.26273754,0.3082542,0.3267708,0.24085113,0.24097286,0.22077331,0.28343076,0.33052817,0.37885645,0.30363244,0.3160562,0.3211937,0.2599797,0.2542148,0.23107389,0.40854043,0.2568682,0.31757003,0.3884154,0.2473072,0.304918,0.3438026,0.30837196,0.30237505,0.28042543
C0/101|Customer,0.2932481,0.2873858,0.27739924,0.2352295,0.25216687,0.21640514,0.26459172,0.2800725,0.2845287,0.19422728,0.23798257,0.2,0.21807024,0.31571126,0.27513722,0.23225999,0.2311803,0.30362982,0.23753718,0.30854475,0.276163,0.31083778,0.2868806,0.40753382,0.20811993,0.24352,0.20270011,0.18242876,0.21634348,0.19951609,0.21853225,0.3228765,0.2756347,0.16100699,0.2094743,0.2086685,0.21733347,0.36682755,0.281824,0.24830712,0.20984538,0.2326205,0.28330755,0.38305873,0.27404812,0.21873552,0.33138475,0.20770101,0.1711059,0.23235647,0.27226347,0.3799647,0.26813042,0.21493995,0.22397782,0.22736308,0.2031858,0.19841859,0.17854233,0.29447502,0.18221742,0.40187156,0.38808456,0.24335092,0.2334038,0.24363542,0.21833915,0.25270596,0.2010667
C0/36|Customer,0.29363394,0.36569715,0.31885475,0.3485429,0.46818534,0.3082303,0.18672559,0.33294216,0.31915295,0.24153833,0.32528824,0.21807024,0.2,0.35812283,0.24113812,0.27512908,0.25964063,0.34129062,0.27190185,0.35981044,0.22452365,0.3507306,0.35047886,0.3216585,0.24805352,0.33453944,0.258703,0.21690622,0.24406715,0.23810518,0.25983196,0.3203819,0.282441,0.18427195,0.24069199,0.24839447,0.19222635,0.27619264,0.26455024,0.20329353,0.24955927,0.27693087,0.2298327,0.25628328,0.22142331,0.26055714,0.27531344,0.20406996,0.20392393,0.18652,0.23902713,0.2785436,0.31875288,0.25556442,0.26653323,0.27032787,0.21893482,0.21424283,0.24647805,0.36383316,0.23597215,0.26746777,0.32687017,0.21857414,0.2579609,0.2899209,0.32174364,0.25517505,0.34282348
C0/38|Customer,0.2636449,0.32451752,0.29546243,0.26552448,0.32118157,0.19777517,0.21393031,0.29740095,0.26414314,0.23311086,0.33849674,0.31571126,0.35812283,0.2,0.26733682,0.2513382,0.24555238,0.37783194,0.21799108,0.3442927,0.19478072,0.3003418,0.30242038,0.318413,0.28045794,0.30288416,0.21737942,0.1935,0.30060965,0.22345403,0.23179956,0.42673317,0.30131245,0.15705365,0.31034794,0.21977359,0.25111908,0.32578218,0.26555037,0.21874924,0.24412005,0.24486859,0.26506382,0.35772148,0.26975128,0.2294125,0.29472432,0.23487788,0.17890309,0.22705226,0.30054536,0.37926248,0.28468168,0.22796965,0.34763563,0.2411873,0.24409172,0.27290738,0.37605727,0.3066163,0.24086355,0.3437907,0.3764523,0.2833201,0.505054,0.25712645,0.31595054,0.3481652,0.29452053
C0/105|Customer,0.25707114,0.29766032,0.3204294,0.2634597,0.25831574,0.25130594,0.39291924,0.3710086,0.25753462,0.2260663,0.25053233,0.27513722,0.24113812,0.26733682,0.2,0.31381878,0.31441867,0.36391848,0.41305158,0.3245813,0.19800034,0.2628063,0.31931946,0.29267755,0.22667593,0.29054138,0.19660375,0.19179347,0.2337985,0.20890734,0.22975,0.24600771,0.2687716,0.16794161,0.22017588,0.21946205,0.27516213,0.2549356,0.27146035,0.2125336,0.24505013,0.24465993,0.27579638,0.2343835,0.26850858,0.23010044,0.2894434,0.27967203,0.18002519,0.21932639,0.33193865,0.29005787,0.28187987,0.22597434,0.23553917,0.23903307,0.2758854,0.2302935,0.3144463,0.31829125,0.22336267,0.30286148,0.2890385,0.24320695,0.34382936,0.2562101,0.27058005,0.30703744,0.23049577
C0/103|Customer,0.29358956,0.31916618,0.22089523,0.30211174,0.2687802,0.21303932,0.23931901,0.34264016,0.27780798,0.22594479,0.3127735,0.23225999,0.27512908,0.2513382,0.31381878,0.2,0.2873331,0.2883379,0.38943085,0.29975674,0.21549271,0.2611345,0.28613117,0.29279932,0.23677973,0.27382505,0.20529133,0.20520791,0.23130944,0.21496184,0.24581529,0.22457565,0.25230297,0.1548103,0.22153138,0.23601203,0.18409255,0.26124457,0.2509797,0.19251543,0.2362923,0.26321146,0.21819362,0.24300979,0.2099159,0.2481948,0.26089233,0.19512592,0.19460896,0.1775301,0.22685532,0.26405156,0.30138022,0.24179064,0.2529484,0.2557315,0.20730661,0.20311183,0.18465753,0.32549188,0.20653518,0.2533149,0.30916905,0.20581307,0.24606103,0.2751271,0.24579413,0.24244177,0.2254033
C0/104|Customer,0.26894486,0.30883718,0.31391957,0.28362703,0.26253527,0.20802319,0.3280309,0.30674687,0.27099213,0.21202198,0.2726611,0.2311803,0.25964063,0.24555238,0.31441867,0.2873331,0.2,0.30689052,0.29891118,0.29234526,0.21040739,0.27490658,0.30171946,0.28574175,0.2690523,0.26685897,0.22896844,0.19999507,0.25471944,0.20976557,0.23957051,0.21894039,0.3243002,0.20741604,0.22827443,0.23014474,0.38418218,0.32095623,0.29163054,0.1876485,0.25630507,0.25667873,0.28377235,0.26125634,0.23997056,0.24210347,0.3008368,0.24260274,0.18987797,0.17315546,0.33632255,0.26794982,0.29370144,0.23564972,0.24662262,0.2492331,0.20206316,0.24664585,0.20573275,0.33114046,0.20144427,0.27099377,0.3013062,0.23980841,0.24006464,0.26824453,0.23956935,0.24974278,0.341581
C0/94|Customer,0.36520338,0.50482714,0.3267182,0.31875685,0.36848274,0.33078563,0.26703736,0.41196632,0.4418607,0.3611654,0.35938,0.30362982,0.34129062,0.37783194,0.36391848,0.2883379,0.30689052,0.2,0.33445245,0.4702822,0.5091473,0.499687,0.6266848,0.3857027,0.36992902,0.3622655,0.3324905,0.31476218,0.3778884,0.31061456,0.3274341,0.3870904,0.46285164,0.29906425,0.43331578,0.47331262,0.27798787,0.3728467,0.3603153,0.29068896,0.3663221,0.36471334,0.34700167,0.32620138,0.2885584,0.43523115,0.3526786,0.3186144,0.2568318,0.25311294,0.3198392,0.44637337,0.40767702,0.3616451,0.38155848,0.37062705,0.30340558,0.30070627,0.2958563,0.43650752,0.29924974,0.33449787,0.3989812,0.5733231,0.42936373,0.36077216,0.37037632,0.39197594,0.34032443
C0/98|Customer,0.2819526,0.33065546,0.20951739,0.3741577,0.2872679,0.22689857,0.27208325,0.3279192,0.29259068,0.22941121,0.29087833,0.23753718,0.27190185,0.21799108,0.41305158,0.38943085,0.29891118,0.33445245,0.2,0.31502238,0.229375,0.27611992,0.3262395,0.30988953,0.25010008,0.28542572,0.21545562,0.21399291,0.24182531,0.22733103,0.25633374,0.23502287,0.26524046,0.16572028,0.23378447,0.24764991,0.19535255,0.27234945,0.26277927,0.2010385,0.24669914,0.2763195,0.2286789,0.254243,0.21955985,0.2613772,0.27270767,0.20659883,0.20548673,0.18674843,0.23765567,0.2761583,0.3140078,0.2521561,0.26497236,0.26665378,0.21645305,0.2124481,0.19317788,0.33959502,0.21724124,0.2645715,0.32229552,0.22292101,0.25963998,0.28817984,0.25654516,0.25437757,0.23701984
C0/89|Customer,0.366652,0.4004638,0.29516065,0.3069641,0.4242982,0.36638016,0.3111042,0.4265723,0.5553518,0.3096741,0.37317508,0.30854475,0.35981044,0.3442927,0.3245813,0.29975674,0.29234526,0.4702822,0.31502238,0.2,0.38343328,0.47471023,0.61449325,0.4368184,0.33711463,0.37116548,0.28349733,0.27820203,0.31389654,0.29862952,0.3332513,0.3218101,0.3495077,0.22261007,0.31067178,0.32073474,0.2647825,0.35413158,0.34892082,0.2706303,0.32048976,0.35776305,0.32200864,0.335833,0.2953876,0.3377654,0.35401884,0.3168975,0.2651133,0.2507866,0.3163444,0.35838035,0.40844548,0.32780477,0.35989708,0.34668434,0.36829886,0.29394048,0.29795575,0.79778856,0.33126232,0.3583167,0.44302884,0.2993169,0.36445978,0.3736328,0.35473734,0.38383198,0.32989568
C0/10|Customer,0.26791778,0.36201647,0.21642959,0.22130066,0.25955042,0.23469958,0.17407992,0.31194004,0.37237105,0.29063717,0.26436025,0.276163,0.22452365,0.19478072,0.19800034,0.21549271,0.21040739,0.5091473,0.229375,0.38343328,0.2,0.34676874,0.5206247,0.45592794,0.23143254,0.27121112,0.2929834,0.30470476,0.228429,0.20984808,0.24337076,0.2256392,0.44094557,0.2720517,0.3338724,0.3861668,0.17908713,0.2587158,0.24748892,0.1903331,0.23366477,0.34861994,0.21494564,0.23980969,0.20720737,0.38893306,0.2576862,0.2363968,0.19028005,0.17424254,0.22357339,0.2606673,0.3571866,0.3200118,0.24930644,0.30727184,0.20498617,0.20048651,0.18224041,0.3220904,0.20272769,0.25040424,0.306191,0.36262673,0.24075155,0.27118978,0.24313062,0.31562582,0.22131142
C0/21|Customer,0.32192484,0.35538834,0.29784617,0.2677767,0.4522101,0.4830198,0.24660346,0.37467337,0.50269693,0.26358643,0.33846122,0.31083778,0.3507306,0.3003418,0.2628063,0.2611345,0.27490658,0.499687,0.27611992,0.47471023,0.34676874,0.2,0.4598808,0.43584642,0.32071972,0.325885,0.2438579,0.24419348,0.2750599,0.25479972,0.29251704,0.3368472,0.3278902,0.2566135,0.2627429,0.28036484,0.25948882,0.3698235,0.322137,0.28993112,0.28109127,0.312635,0.36576116,0.35676247,0.29307055,0.29453894,0.38315478,0.32379645,0.23077618,0.23647231,0.30385387,0.38077036,0.3587234,0.2877217,0.30062595,0.30432364,0.27943027,0.24721003,0.21954449,0.38727564,0.24518372,0.3545027,0.36793962,0.31713453,0.29363704,0.32699314,0.31768504,0.3074347,0.31071234
C0/79|Customer,0.3587571,0.500579,0.28424174,0.30068088,0.4029088,0.32286206,0.24101833,0.39927515,0.40737996,0.3502039,0.3840185,0.2868806,0.35047886,0.30242038,0.31931946,0.28613117,0.30171946,0.6266848,0.3262395,0.61449325,0.5206247,0.4598808,0.2,0.3719713,0.31240705,0.35175258,0.3292082,0.3418231,0.33648145,0.29246774,0.33917627,0.34058923,0.55017537,0.3176295,0.41028437,0.5982998,0.23547517,0.34574443,0.31951836,0.26244596,0.29591316,0.39576486,0.28349507,0.3230908,0.26173955,0.5219053,0.33464357,0.25691912,0.25078055,0.2306338,0.28313574,0.38583747,0.40322554,0.3645469,0.32011423,0.38883397,0.26002932,0.2686766,0.23562603,0.62959254,0.25403807,0.31694457,0.38858116,0.6552744,0.3131239,0.3418679,0.3301977,0.33795053,0.32375216
C0/12|Customer,0.36138976,0.37744978,0.32133427,0.30030888,0.40859598,0.5517777,0.23712361,0.42062822,0.50413764,0.2889291,0.36158204,0.40753382,0.3216585,0.318413,0.29267755,0.29279932,0.28574175,0.3857027,0.30988953,0.4368184,0.45592794,0.43584642,0.3719713,0.2,0.31475344,0.36583504,0.27356428,0.27411717,0.30868748,0.2856172,0.32836306,0.29958636,0.33599517,0.20472777,0.29458478,0.31452453,0.24427944,0.34900934,0.3347498,0.25702667,0.31549928,0.35070994,0.29091093,0.32421228,0.2800887,0.3303043,0.34818843,0.2591431,0.25872934,0.23636362,0.30250818,0.3523331,0.40271702,0.3229776,0.3373119,0.34161907,0.27678952,0.27100775,0.24636894,0.43471137,0.27498987,0.33817968,0.4130415,0.27091867,0.3272184,0.3669,0.32822204,0.3231025,0.30014434
C0/601|Customer,0.29150176,0.33940542,0.2721714,0.24274477,0.2884659,0.22877516,0.25049368,0.3392437,0.29887724,0.4489617,0.29307547,0.20811993,0.24805352,0.28045794,0.22667593,0.23677973,0.2690523,0.36992902,0.25010008,0.33711463,0.23143254,0.32071972,0.31240705,0.31475344,0.2,0.2950881,0.2360206,0.22112745,0.3473692,0.33631536,0.2648859,0.3144166,0.2911457,0.16610506,0.26809946,0.25406513,0.27309138,0.35904485,0.27027395,0.20740332,0.25457472,0.28332356,0.26700732,0.27444375,0.23955296,0.26702222,0.3068823,0.21394114,0.2092811,0.19103226,0.2601755,0.30061957,0.32480645,0.26054582,0.3102752,0.2755748,0.27658078,0.36257815,0.23128584,0.35071456,0.22224644,0.27289766,0.33317184,0.34783125,0.33698905,0.296258,0.35437086,0.30229974,0.3142382
C0/34|Customer,0.33143875,0.37890902,0.25779614,0.27990362,0.34004417,0.26832688,0.2232253,0.3854127,0.34494498,0.27063778,0.3440459,0.24352,0.33453944,0.30288416,0.29054138,0.27382505,0.26685897,0.3622655,0.28542572,0.37116548,0.27121112,0.325885,0.35175258,0.36583504,0.2950881,0.2,0.2537584,0.2515825,0.2845074,0.2683138,0.30135918,0.27658284,0.33108976,0.2230071,0.27576908,0.2916604,0.2973385,0.32016364,0.3092884,0.23644593,0.29013047,0.3254675,0.26922774,0.39358783,0.25834537,0.30813825,0.32082537,0.30038488,0.24242672,0.22008903,0.27976292,0.32493395,0.36907473,0.2964541,0.31191325,0.31348523,0.25456488,0.24997889,0.22731513,0.39930356,0.25601977,0.31118226,0.37887314,0.28309113,0.30625775,0.33922365,0.30168518,0.34631073,0.41266856
C0/35|Customer,0.2506721,0.45927262,0.20076877,0.21016473,0.2524506,0.19971956,0.16686437,0.2916146,0.25887844,0.5051416,0.25596341,0.20270011,0.258703,0.21737942,0.19660375,0.20529133,0.22896844,0.3324905,0.21545562,0.28349733,0.2929834,0.2438579,0.3292082,0.27356428,0.2360206,0.2537584,0.2,0.19021298,0.21469818,0.20075591,0.31784964,0.20856057,0.26286578,0.19720428,0.21100795,0.38424143,0.19805065,0.24211746,0.23314045,0.21646501,0.21916409,0.24485065,0.20279251,0.22564621,0.19488873,0.30214533,0.24213503,0.20841263,0.18159615,0.20240992,0.26015872,0.24513747,0.3603255,0.6127853,0.25385636,0.59747607,0.23706494,0.18857408,0.19605057,0.30818057,0.22892132,0.2756521,0.35278466,0.29285207,0.22952493,0.25562745,0.22794189,0.22546439,0.20986547
C0/7|Customer,0.24852048,0.28863016,0.18177365,0.20978294,0.2546786,0.20099728,0.16725722,0.28899893,0.2585227,0.32179514,0.25770944,0.18242876,0.21690622,0.1935,0.19179347,0.20520791,0.19999507,0.31476218,0.21399291,0.27820203,0.30470476,0.24419348,0.3418231,0.27411717,0.22112745,0.2515825,0.19021298,0.2,0.2133004,0.20105258,0.29753712,0.22203386,0.3169521,0.21495421,0.2066591,0.37344822,0.17290698,0.24006444,0.23186314,0.17727731,0.21753,0.30094326,0.20182166,0.22429167,0.19368212,0.23093854,0.24053057,0.18276702,0.22024061,0.16495743,0.20972331,0.24360469,0.37109137,0.22228298,0.23382545,0.23505473,0.19086348,0.18740954,0.17041716,0.2993939,0.19188836,0.23330979,0.28408653,0.2926935,0.2295083,0.25429973,0.22619642,0.22456092,0.20934477
C0/93|Customer,0.28104562,0.331623,0.36476916,0.23659861,0.28603294,0.22595708,0.22000478,0.32687232,0.29151744,0.25758332,0.2896637,0.21634348,0.24406715,0.30060965,0.2337985,0.23130944,0.25471944,0.3778884,0.24182531,0.31389654,0.228429,0.2750599,0.33648145,0.30868748,0.3473692,0.2845074,0.21469818,0.2133004,0.2,0.22645687,0.25550446,0.4930083,0.32834068,0.18431672,0.4998182,0.24678133,0.24494794,0.32416537,0.27252156,0.20037563,0.24588811,0.27534482,0.25801605,0.32620007,0.21882059,0.26041946,0.36716586,0.2057938,0.20471038,0.20021598,0.23683903,0.38745418,0.31300363,0.25133947,0.45277423,0.26579204,0.25963798,0.30949056,0.24276426,0.37574515,0.21645673,0.3418861,0.3977215,0.3355458,0.25866657,0.2871915,0.25570494,0.25348628,0.2455868
C0/118|Customer,0.2650533,0.2855273,0.2537106,0.22043677,0.26141724,0.20742184,0.2659349,0.30848598,0.27138776,0.274344,0.2656986,0.19951609,0.23810518,0.22345403,0.20890734,0.21496184,0.20976557,0.31061456,0.22733103,0.29862952,0.20984808,0.25479972,0.29246774,0.2856172,0.33631536,0.2683138,0.20075591,0.20105258,0.22645687,0.2,0.24083908,0.24001274,0.25465658,0.15049745,0.221111,0.23081091,0.28298077,0.29619798,0.25054213,0.24901405,0.23142748,0.25737548,0.21346056,0.25922525,0.22423728,0.24246566,0.2554316,0.19031665,0.18996787,0.2382371,0.23795557,0.26601428,0.29535303,0.23689061,0.31381005,0.25056013,0.24776362,0.19882265,0.18074913,0.31885442,0.20184018,0.24807209,0.30293858,0.2697188,0.24024083,0.26920536,0.32572466,0.23710428,0.29127234
C0/97|Customer,0.29769132,0.33414155,0.21775453,0.2512946,0.3050839,0.24077637,0.20035645,0.34617817,0.30967936,0.24946053,0.30871278,0.21853225,0.25983196,0.23179956,0.22975,0.24581529,0.23957051,0.3274341,0.25633374,0.3332513,0.24337076,0.29251704,0.33917627,0.32836306,0.2648859,0.30135918,0.31784964,0.29753712,0.25550446,0.24083908,0.2,0.24837653,0.30544814,0.18019791,0.24755397,0.27163,0.2071252,0.2875623,0.2777409,0.21235323,0.26057014,0.29886967,0.24175575,0.26867086,0.23200464,0.27663678,0.2881223,0.21893552,0.21761762,0.19759881,0.25122064,0.29180497,0.33150166,0.4101021,0.2800918,0.5667812,0.22862746,0.22449102,0.2041365,0.358631,0.22985874,0.27947235,0.34029436,0.2833467,0.27492464,0.3046172,0.2709511,0.26899502,0.2507692
C0/119|Customer,0.27321786,0.33679855,0.32084364,0.22976205,0.2773036,0.21914445,0.23057048,0.31778777,0.28307417,0.2391874,0.28091162,0.3228765,0.3203819,0.42673317,0.24600771,0.22457565,0.21894039,0.3870904,0.23502287,0.3218101,0.2256392,0.3368472,0.34058923,0.29958636,0.3144166,0.27658284,0.20856057,0.22203386,0.4930083,0.24001274,0.24837653,0.2,0.3608595,0.19220255,0.36118644,0.24202286,0.23768348,0.3986437,0.2962088,0.24083312,0.23899671,0.27150485,0.27891847,0.3651852,0.28888404,0.27486786,0.3610583,0.23142126,0.23519614,0.22581495,0.2996295,0.47764516,0.3043005,0.2443257,0.44986483,0.2583793,0.21932012,0.26406023,0.2030437,0.36235702,0.21021765,0.34956107,0.3123061,0.34499115,0.25112316,0.27904227,0.24854632,0.2756899,0.25893515
C0/140|Customer,0.30874014,0.35029587,0.2903806,0.2583884,0.30950642,0.24501492,0.25845787,0.35920337,0.3182427,0.25692168,0.3139794,0.2756347,0.282441,0.30131245,0.2687716,0.25230297,0.3243002,0.46285164,0.26524046,0.3495077,0.44094557,0.3278902,0.55017537,0.33599517,0.2911457,0.33108976,0.26286578,0.3169521,0.32834068,0.25465658,0.30544814,0.3608595,0.2,0.23008496,0.49205533,0.51056975,0.29001844,0.36837417,0.31628975,0.2873771,0.29230556,0.36521107,0.288162,0.34288198,0.29294163,0.4834744,0.33657435,0.26060125,0.24634017,0.26936027,0.3606055,0.38580555,0.3826893,0.2760237,0.3662204,0.30030206,0.28749755,0.24520181,0.21987952,0.3764156,0.2795256,0.32074535,0.3528928,0.4827487,0.28206128,0.31456268,0.29872933,0.29223412,0.26405036
C0/139|Customer,0.19386914,0.28281873,0.18029761,0.15918468,0.18487361,0.14740193,0.15622458,0.22579965,0.19581163,0.19121598,0.1886564,0.16100699,0.18427195,0.15705365,0.16794161,0.1548103,0.20741604,0.29906425,0.16572028,0.22261007,0.2720517,0.2566135,0.3176295,0.20472777,0.16610506,0.2230071,0.19720428,0.21495421,0.18431672,0.15049745,0.18019791,0.19220255,0.23008496,0.2,0.16715348,0.25223836,0.2050979,0.20709191,0.22442985,0.18713494,0.19109401,0.22160251,0.35104123,0.25273523,0.20940417,0.23540114,0.29907244,0.259156,0.15166572,0.17911479,0.24913098,0.2521436,0.30832526,0.1731584,0.19310507,0.22634068,0.17231618,0.14477107,0.1798245,0.23293766,0.16055243,0.32013863,0.25954217,0.24522206,0.17290415,0.19565701,0.17579159,0.17760962,0.15928712
C0/141|Customer,0.2724172,0.3341768,0.2881693,0.2270672,0.27024394,0.21424927,0.20063245,0.31701648,0.27959174,0.2405781,0.2744836,0.2094743,0.24069199,0.31034794,0.22017588,0.22153138,0.22827443,0.43331578,0.23378447,0.31067178,0.3338724,0.2627429,0.41028437,0.29458478,0.26809946,0.27576908,0.21100795,0.2066591,0.4998182,0.221111,0.24755397,0.36118644,0.49205533,0.16715348,0.2,0.34819657,0.26982737,0.27264965,0.27184397,0.20257019,0.26283288,0.26495764,0.25713786,0.29518622,0.22096771,0.38732654,0.26269683,0.21511395,0.1958258,0.21114704,0.26272213,0.33895323,0.3035287,0.24349962,0.39314443,0.25754157,0.28590754,0.2843129,0.225092,0.34476325,0.25861016,0.2550805,0.31136224,0.37525824,0.25440356,0.27699298,0.24751802,0.24405883,0.23314145
C0/50|Customer,0.2881131,0.40819073,0.20574403,0.24160449,0.29030874,0.22965334,0.19185056,0.33516693,0.29760948,0.482105,0.29433066,0.2086685,0.24839447,0.21977359,0.21946205,0.23601203,0.23014474,0.47331262,0.24764991,0.32073474,0.3861668,0.28036484,0.5982998,0.31452453,0.25406513,0.2916604,0.38424143,0.37344822,0.24678133,0.23081091,0.27163,0.24202286,0.51056975,0.25223836,0.34819657,0.2,0.19804347,0.2782816,0.26798785,0.20526272,0.25190747,0.28682223,0.23310867,0.25936934,0.22401386,0.5505005,0.27831724,0.20965132,0.208776,0.19005467,0.24230516,0.2817715,0.40291816,0.44926462,0.2701647,0.37244594,0.22101544,0.2167556,0.19707997,0.34687012,0.22109564,0.27011162,0.32932267,0.56373143,0.26387468,0.29383847,0.2619951,0.25917587,0.24125561
C0/135|Customer,0.22798502,0.26108244,0.44160756,0.18892506,0.22274625,0.17697616,0.31535456,0.2653976,0.23253705,0.2230825,0.22664593,0.21733347,0.19222635,0.25111908,0.27516213,0.18409255,0.38418218,0.27798787,0.19535255,0.2647825,0.17908713,0.25948882,0.23547517,0.24427944,0.27309138,0.2973385,0.19805065,0.17290698,0.24494794,0.28298077,0.2071252,0.23768348,0.29001844,0.2050979,0.26982737,0.19804347,0.2,0.25300184,0.35776743,0.299726,0.28699434,0.22079836,0.34003776,0.3779302,0.28684083,0.20776263,0.53873366,0.3038608,0.16261719,0.34770527,0.36859637,0.47944063,0.2540878,0.20372376,0.31881127,0.21549153,0.23312458,0.28381443,0.2547788,0.27416748,0.23000702,0.39665973,0.35025832,0.22567041,0.20570424,0.23114021,0.29411694,0.20344909,0.23781537
C0/120|Customer,0.31626675,0.35514593,0.28066367,0.26705188,0.32435828,0.25596225,0.26267686,0.36777306,0.32910377,0.281118,0.3281892,0.36682755,0.27619264,0.32578218,0.2549356,0.26124457,0.32095623,0.3728467,0.27234945,0.35413158,0.2587158,0.3698235,0.34574443,0.34900934,0.35904485,0.32016364,0.24211746,0.24006444,0.32416537,0.29619798,0.2875623,0.3986437,0.36837417,0.20709191,0.27264965,0.2782816,0.25300184,0.2,0.55781806,0.2916774,0.5016768,0.31053573,0.27795252,0.46257356,0.29516497,0.29398775,0.30612627,0.23325573,0.23128483,0.2882636,0.26879358,0.41175207,0.35218218,0.28288147,0.2976129,0.2991335,0.26209605,0.315681,0.2168977,0.3810196,0.24426709,0.2969286,0.36152923,0.35401738,0.29218513,0.32367164,0.28786945,0.3381564,0.26648605
C0/145|Customer,0.30552578,0.34306493,0.38688797,0.25680253,0.30969685,0.24478737,0.26721248,0.3553762,0.3163786,0.24794328,0.31377235,0.281824,0.26455024,0.26555037,0.27146035,0.2509797,0.29163054,0.3603153,0.26277927,0.34892082,0.24748892,0.322137,0.31951836,0.3347498,0.27027395,0.3092884,0.23314045,0.23186314,0.27252156,0.25054213,0.2777409,0.2962088,0.31628975,0.22442985,0.27184397,0.26798785,0.35776743,0.55781806,0.2,0.36960956,0.49411643,0.29898325,0.44723645,0.29665226,0.3953491,0.2826328,0.5229419,0.3443757,0.22207743,0.48945177,0.3755519,0.40404296,0.3402915,0.27321008,0.28683263,0.2889274,0.23883866,0.25278652,0.2207458,0.36791635,0.24786036,0.41605285,0.34923434,0.31857526,0.28064156,0.31196046,0.2779178,0.29150566,0.29379067
C0/24|Customer,0.23356856,0.26641437,0.34048507,0.19686814,0.23844923,0.18828706,0.28429392,0.27163494,0.24258389,0.19023836,0.24139097,0.24830712,0.20329353,0.21874924,0.2125336,0.19251543,0.1876485,0.29068896,0.2010385,0.2706303,0.1903331,0.28993112,0.26244596,0.25702667,0.20740332,0.23644593,0.21646501,0.17727731,0.20037563,0.24901405,0.21235323,0.24083312,0.2873771,0.18713494,0.20257019,0.20526272,0.299726,0.2916774,0.36960956,0.2,0.25017288,0.2290339,0.3375032,0.27537823,0.34581053,0.21670344,0.45482796,0.35688537,0.17040165,0.5763024,0.42577213,0.36165807,0.2601138,0.20889366,0.21959028,0.22090127,0.32338393,0.1760406,0.1600749,0.2813407,0.27865604,0.33229995,0.2669907,0.23668386,0.2152971,0.23882133,0.21254408,0.21083757,0.1964855
C0/87|Customer,0.28659973,0.31648713,0.2817137,0.24162312,0.2927633,0.23115617,0.19777496,0.33330446,0.29773617,0.23350284,0.29635498,0.20984538,0.24955927,0.24412005,0.24505013,0.2362923,0.25630507,0.3663221,0.24669914,0.32048976,0.23366477,0.28109127,0.29591316,0.31549928,0.25457472,0.29013047,0.21916409,0.21753,0.24588811,0.23142748,0.26057014,0.23899671,0.29230556,0.19109401,0.26283288,0.25190747,0.28699434,0.5016768,0.49411643,0.25017288,0.2,0.2810837,0.2885805,0.29651386,0.26830038,0.26597112,0.3375511,0.2418471,0.20915575,0.31640404,0.30610237,0.3010871,0.3191686,0.25632554,0.26947993,0.2710586,0.23609331,0.26979685,0.23273571,0.3452262,0.27444842,0.31254578,0.32761106,0.2842183,0.26425746,0.29307956,0.26081002,0.25874877,0.24114798
C0/138|Customer,0.32150918,0.37856483,0.22917655,0.2694762,0.32354707,0.2559925,0.21391736,0.37402773,0.33193126,0.28277797,0.3280776,0.2326205,0.27693087,0.24486859,0.24465993,0.26321146,0.25667873,0.36471334,0.2763195,0.35776305,0.34861994,0.312635,0.39576486,0.35070994,0.28332356,0.3254675,0.24485065,0.30094326,0.27534482,0.25737548,0.29886967,0.27150485,0.36521107,0.22160251,0.26495764,0.28682223,0.22079836,0.31053573,0.29898325,0.2290339,0.2810837,0.2,0.26005682,0.28937906,0.24993627,0.3227442,0.3105334,0.23376647,0.23282297,0.2119859,0.2703223,0.31437892,0.35813883,0.2874615,0.30140424,0.3178263,0.24661279,0.24183784,0.21988352,0.38705847,0.24660985,0.30139044,0.36749357,0.28284445,0.294278,0.32781693,0.29234397,0.28912097,0.2691002
C0/92|Customer,0.26595283,0.30270234,0.39724386,0.22330481,0.26885542,0.21258572,0.24812673,0.30936506,0.27509075,0.21553147,0.27247798,0.28330755,0.2298327,0.26506382,0.27579638,0.21819362,0.28377235,0.34700167,0.2286789,0.32200864,0.21494564,0.36576116,0.28349507,0.29091093,0.26700732,0.26922774,0.20279251,0.20182166,0.25801605,0.21346056,0.24175575,0.27891847,0.288162,0.35104123,0.25713786,0.23310867,0.34003776,0.27795252,0.44723645,0.3375032,0.2885805,0.26005682,0.2,0.34656075,0.4519667,0.24575132,0.5471512,0.40753615,0.19304292,0.34451166,0.45349014,0.44687036,0.29622957,0.23780999,0.24954653,0.25149494,0.22076617,0.2315024,0.1926371,0.32022974,0.21617395,0.41536957,0.30399674,0.22555727,0.24396802,0.2714105,0.3230067,0.25893494,0.23145758
C0/142|Customer,0.29553813,0.32219023,0.27266085,0.24860647,0.30018714,0.23720345,0.35957518,0.34374323,0.30629706,0.24008867,0.3040663,0.38305873,0.25628328,0.35772148,0.2343835,0.24300979,0.26125634,0.32620138,0.254243,0.335833,0.23980969,0.35676247,0.3230908,0.32421228,0.27444375,0.39358783,0.22564621,0.22429167,0.32620007,0.25922525,0.26867086,0.3651852,0.34288198,0.25273523,0.29518622,0.25936934,0.3779302,0.46257356,0.29665226,0.27537823,0.29651386,0.28937906,0.34656075,0.2,0.2968697,0.2736245,0.5330291,0.2555506,0.21504565,0.31613794,0.3245895,0.5064374,0.32915556,0.26428968,0.3502579,0.2794903,0.22683498,0.29066887,0.33936918,0.35591665,0.24629337,0.4904316,0.5462993,0.30356398,0.2717404,0.30188358,0.26886213,0.34212932,0.26900047
C0/137|Customer,0.25520208,0.293159,0.35433155,0.21473756,0.25940743,0.20495906,0.2774472,0.2968231,0.26457363,0.20739843,0.26273754,0.27404812,0.22142331,0.26975128,0.26850858,0.2099159,0.23997056,0.2885584,0.21955985,0.2953876,0.20720737,0.29307055,0.26173955,0.2800887,0.23955296,0.25834537,0.19488873,0.19368212,0.21882059,0.22423728,0.23200464,0.28888404,0.29294163,0.20940417,0.22096771,0.22401386,0.28684083,0.29516497,0.3953491,0.34581053,0.26830038,0.24993627,0.4519667,0.2968697,0.2,0.23635104,0.42062518,0.26673415,0.18576628,0.537944,0.49375197,0.41320306,0.28422767,0.22822186,0.23972103,0.24134697,0.19588563,0.19222927,0.18888108,0.3073485,0.21216227,0.45944187,0.29171467,0.21784703,0.23473719,0.26071912,0.30386832,0.23010105,0.21435583
C0/1|Customer,0.30439207,0.3985044,0.21432471,0.25427932,0.3036949,0.24057533,0.20143762,0.35418183,0.3131439,0.24504277,0.3082542,0.21873552,0.26055714,0.2294125,0.23010044,0.2481948,0.24210347,0.43523115,0.2613772,0.3377654,0.38893306,0.29453894,0.5219053,0.3303043,0.26702222,0.30813825,0.30214533,0.23093854,0.26041946,0.24246566,0.27663678,0.27486786,0.4834744,0.23540114,0.38732654,0.5505005,0.20776263,0.29398775,0.2826328,0.21670344,0.26597112,0.3227442,0.24575132,0.2736245,0.23635104,0.2,0.2937174,0.22013433,0.219453,0.20007141,0.2554894,0.2972999,0.339122,0.27211082,0.2848727,0.2877927,0.23334758,0.228691,0.20791823,0.36633393,0.23275611,0.28514916,0.34791616,0.4694817,0.27744317,0.30984616,0.27665344,0.27311155,0.2540079
C0/136|Customer,0.31692162,0.3636903,0.4591801,0.26684815,0.32269162,0.25490034,0.40556884,0.36859447,0.32879218,0.25778037,0.3267708,0.33138475,0.27531344,0.29472432,0.2894434,0.26089233,0.3008368,0.3526786,0.27270767,0.35401884,0.2576862,0.38315478,0.33464357,0.34818843,0.3068823,0.32082537,0.24213503,0.24053057,0.36716586,0.2554316,0.2881223,0.3610583,0.33657435,0.29907244,0.26269683,0.27831724,0.53873366,0.30612627,0.5229419,0.45482796,0.3375511,0.3105334,0.5471512,0.5330291,0.42062518,0.2937174,0.2,0.41106722,0.23089622,0.4339024,0.41447097,0.60723484,0.35295635,0.28342602,0.37756807,0.29972276,0.25499725,0.2387757,0.36743596,0.3817039,0.24412812,0.74400264,0.59105766,0.25439033,0.2917508,0.32388085,0.2883532,0.28587854,0.26635644
C0/143|Customer,0.24096043,0.26321554,0.29876247,0.20014846,0.23687924,0.18803948,0.23673096,0.28046507,0.27153572,0.2501356,0.24085113,0.20770101,0.20406996,0.23487788,0.27967203,0.19512592,0.24260274,0.3186144,0.20659883,0.3168975,0.2363968,0.32379645,0.25691912,0.2591431,0.21394114,0.30038488,0.20841263,0.18276702,0.2057938,0.19031665,0.21893552,0.23142126,0.26060125,0.259156,0.21511395,0.20965132,0.3038608,0.23325573,0.3443757,0.35688537,0.2418471,0.23376647,0.40753615,0.2555506,0.26673415,0.22013433,0.41106722,0.2,0.17241232,0.3391475,0.41952538,0.3236121,0.2685209,0.21534406,0.22485739,0.22777471,0.3572727,0.18066989,0.26340997,0.28983647,0.31777072,0.30327904,0.2753985,0.2684634,0.33331692,0.2445822,0.21883275,0.41179234,0.23326477
C0/133|Customer,0.23948024,0.24633297,0.16688116,0.19949654,0.23720883,0.18809943,0.15776537,0.27869648,0.24563405,0.19208409,0.24097286,0.1711059,0.20392393,0.17890309,0.18002519,0.19460896,0.18987797,0.2568318,0.20548673,0.2651133,0.19028005,0.23077618,0.25078055,0.25872934,0.2092811,0.24242672,0.18159615,0.22024061,0.20471038,0.18996787,0.21761762,0.23519614,0.24634017,0.15166572,0.1958258,0.208776,0.16261719,0.23128483,0.22207743,0.17040165,0.20915575,0.23282297,0.19304292,0.21504565,0.18576628,0.219453,0.23089622,0.17241232,0.2,0.15699387,0.20071691,0.2336765,0.26683715,0.2140526,0.22380547,0.22639847,0.18349716,0.17974448,0.16340984,0.28813592,0.18264565,0.22421283,0.27371493,0.19571778,0.21751241,0.24343161,0.2175742,0.21446586,0.19933847
C0/134|Customer,0.21741293,0.23774149,0.36801443,0.18183683,0.21758579,0.17228828,0.27348986,0.25295827,0.22394882,0.17529628,0.22077331,0.23235647,0.18652,0.22705226,0.21932639,0.1775301,0.17315546,0.25311294,0.18674843,0.2507866,0.17424254,0.23647231,0.2306338,0.23636362,0.19103226,0.22008903,0.20240992,0.16495743,0.20021598,0.2382371,0.19759881,0.22581495,0.26936027,0.17911479,0.21114704,0.19005467,0.34770527,0.2882636,0.48945177,0.5763024,0.31640404,0.2119859,0.34451166,0.31613794,0.537944,0.20007141,0.4339024,0.3391475,0.15699387,0.2,0.51065415,0.34798527,0.24220604,0.1943678,0.20359497,0.20556547,0.30771744,0.20955202,0.17358272,0.26168516,0.31034827,0.37281618,0.24850327,0.20473723,0.1984628,0.22144082,0.19763279,0.19522825,0.18162136
C0/144|Customer,0.27635968,0.3154872,0.38712496,0.2321476,0.27969974,0.22112478,0.25326613,0.32146236,0.28599268,0.22409748,0.28343076,0.27226347,0.23902713,0.30054536,0.33193865,0.22685532,0.33632255,0.3198392,0.23765567,0.3163444,0.22357339,0.30385387,0.28313574,0.30250818,0.2601755,0.27976292,0.26015872,0.20972331,0.23683903,0.23795557,0.25122064,0.2996295,0.3606055,0.24913098,0.26272213,0.24230516,0.36859637,0.26879358,0.3755519,0.42577213,0.30610237,0.2703223,0.45349014,0.3245895,0.49375197,0.2554894,0.41447097,0.41952538,0.20071691,0.51065415,0.2,0.38986188,0.3078149,0.24712129,0.25937113,0.26134023,0.36921608,0.23533687,0.20025888,0.33277497,0.36478707,0.43245757,0.31589374,0.2529276,0.25365856,0.28209478,0.33605775,0.2636309,0.23767094
C0/131|Customer,0.32098037,0.3920337,0.35864675,0.27011144,0.32634777,0.25784037,0.32259834,0.37332729,0.33280066,0.26088727,0.33052817,0.3799647,0.2785436,0.37926248,0.29005787,0.26405156,0.26794982,0.44637337,0.2761583,0.35838035,0.2606673,0.38077036,0.38583747,0.3523331,0.30061957,0.32493395,0.24513747,0.24360469,0.38745418,0.26601428,0.29180497,0.47764516,0.38580555,0.2521436,0.33895323,0.2817715,0.47944063,0.41175207,0.40404296,0.36165807,0.3010871,0.31437892,0.44687036,0.5064374,0.41320306,0.2972999,0.60723484,0.3236121,0.2336765,0.34798527,0.38986188,0.2,0.35748583,0.2870474,0.43950722,0.3035551,0.2463792,0.24178448,0.28422335,0.3865711,0.24712324,0.5516118,0.46488222,0.40478683,0.2952754,0.3279349,0.43479234,0.31314906,0.26962876
